	Indole	D-Xylose	Starch hydrolysis	Growth on MacConkey agar	Catalase	Gelatin hydrolysis	Cellobiose	Urea hydrolysis	Growth at 42°C	Glycerol	Voges Proskauer	Pyrrolidonyl-beta-naphthylamide	Coccus - clusters or groups predominate	Coccus	Lipase	D-Mannitol	Trehalose	Aerobe	Lysine decarboxylase	Motile	Nitrite to gas	Coccus - pairs or chains predominate	Maltose	Growth on ordinary blood agar	Colistin-Polymyxin susceptible	Gas from glucose	Acetate utilization	Melibiose	Malonate	Spore formation	Yellow pigment	DNase	myo-Inositol	Methyl red	Nitrate to nitrite	ONPG (beta galactosidase)	D-Mannose	Gram positive	Anaerobe	Growth in 6.5% NaCl	Bile-susceptible	Glucose fermenter	Glucose oxidizer	Gram negative	Ornithine decarboxylase	Salicin	L-Arabinose	Casein hydrolysis	Capnophilic	Oxidase	Mucate utilization	Alkaline phosphatase	Beta hemolysis	Lactose	Growth in KCN	Tartrate utilization	Hydrogen sulfide	Citrate	Raffinose	Facultative	Esculin hydrolysis	L-Rhamnose	Bacillus or coccobacillus	Sucrose	D-Sorbitol	Coagulase production	Arginine dihydrolase
Abiotrophia.defectiva	0	0	1	0	0	0	0	0	3	0	0	3	1	1	0	0	3	0	0	0	0	0	3	3	0	2	0	1	1	0	0	2	0	0	0	3	3	3	0	2	0	3	0	0	0	3	0	0	0	0	0	3	0	3	1	0	0	1	0	3	3	0	0	3	0	3	0
Actinobacillus.porcitonsillarum	1	0	0	0	3	0	0	3	1	0	0	0	0	0	0	0	1	0	0	0	0	0	3	2	3	2	0	0	0	0	0	0	0	0	3	1	3	0	0	0	2	3	0	3	1	2	0	0	2	3	0	3	0	0	3	0	0	0	0	3	0	0	3	3	0	0	0
Actinomyces.gaoshouyii	0	0	0	0	0	0	0	3	1	0	0	0	2	0	0	1	3	0	1	0	0	0	3	3	0	0	1	0	0	0	0	0	0	0	3	1	3	3	0	0	3	3	0	0	0	1	0	0	0	0	0	1	0	2	1	0	0	0	1	3	0	0	3	3	0	3	3
Actinomyces.howellii	0	2	3	0	3	2	0	0	1	0	0	2	2	0	0	3	3	0	0	0	0	0	2	3	0	0	1	3	0	0	0	0	0	0	0	3	3	3	2	0	3	3	0	0	0	3	3	2	0	0	0	3	0	3	0	0	0	3	1	3	3	0	2	3	0	3	3
Actinomyces.israelii	0	0	0	0	0	0	0	0	0	0	0	0	2	0	0	0	2	0	0	0	0	0	3	3	0	0	1	0	3	0	0	0	0	0	0	1	2	3	0	0	3	3	0	0	0	0	0	0	0	0	1	3	0	0	0	0	0	0	0	1	2	0	2	3	0	3	3
Actinomyces.lilanjuaniae	0	0	0	0	1	0	0	0	2	0	0	0	2	0	0	1	3	0	0	0	0	0	3	3	0	0	1	3	0	0	0	0	0	0	3	3	3	3	0	0	3	3	0	0	0	1	0	0	0	0	0	2	0	3	1	0	0	1	0	3	1	3	3	3	0	3	3
Actinomyces.marmotae	0	0	0	0	1	0	0	0	1	0	0	0	2	0	0	3	3	0	0	0	0	0	3	3	0	0	0	1	0	0	0	0	0	0	3	3	2	3	0	0	3	3	0	0	0	1	0	0	0	0	0	3	0	3	1	0	0	0	0	2	2	0	3	3	0	3	3
Actinomyces.naeslundii	0	0	0	0	0	0	0	3	2	0	0	0	2	0	0	1	3	0	0	0	0	0	3	3	0	0	1	1	0	0	1	0	0	0	3	3	3	3	0	1	3	3	0	0	0	3	0	0	0	0	0	3	0	3	0	0	0	0	3	3	3	3	2	3	0	3	3
Actinomyces.oris	0	0	0	0	1	0	0	3	0	0	0	0	2	0	0	1	3	0	0	0	0	0	3	3	0	0	3	0	0	0	1	0	0	0	3	0	3	3	0	1	3	3	0	0	0	0	0	0	0	0	1	2	0	0	0	0	0	0	3	3	2	0	2	3	0	3	3
Actinomyces.procaprae	0	2	2	0	0	0	0	0	2	0	0	0	2	0	0	3	3	0	0	0	0	0	3	3	0	0	1	1	0	0	0	0	0	0	3	3	3	3	1	1	3	3	0	0	0	3	3	0	0	0	1	2	0	3	1	0	0	1	1	0	3	3	2	3	0	3	3
Actinomyces.qiguomingii	2	3	2	0	0	0	0	0	3	0	0	0	2	0	0	3	3	0	0	0	0	0	3	3	0	0	0	1	0	0	1	0	0	0	3	3	3	3	0	0	3	3	0	0	0	3	3	0	0	0	1	2	0	3	0	0	0	3	1	0	1	3	2	3	0	3	3
Actinomyces.radicidentis	0	0	0	0	3	0	0	0	1	0	3	0	3	1	0	3	3	0	0	0	0	0	3	3	0	0	0	0	0	0	0	0	0	0	3	3	3	3	0	0	3	3	0	0	0	0	0	0	0	0	1	2	0	3	1	0	0	0	1	3	1	0	2	3	0	3	2
Actinomyces.slackii	0	0	3	0	3	0	0	0	2	0	0	0	2	0	0	0	3	0	0	0	0	0	3	3	0	0	1	1	0	0	0	0	0	0	3	3	3	3	0	1	3	3	0	0	0	1	0	0	0	0	1	2	0	3	1	0	0	0	1	3	1	0	2	3	0	3	3
Actinomyces.sp..432	0	2	2	0	0	0	0	0	2	0	0	0	2	0	0	0	3	0	0	0	0	0	3	3	0	1	1	3	0	0	0	0	0	0	3	3	3	3	0	0	3	3	0	0	0	1	3	0	0	0	0	2	0	3	0	0	0	1	1	0	1	3	2	3	0	3	3
Actinomyces.sp..Chiba101	0	0	0	0	0	0	0	0	1	0	0	0	2	0	0	1	3	0	0	0	0	0	3	3	0	0	0	0	0	0	0	0	1	0	3	1	3	3	0	0	3	3	0	0	0	0	0	0	0	0	0	0	0	2	1	0	0	0	1	3	1	0	3	3	0	3	3
Actinomyces.sp..oral.taxon.169	0	2	0	0	1	2	0	3	2	0	0	0	2	0	0	1	3	0	0	0	0	0	3	3	0	0	1	0	0	0	1	0	0	0	3	3	3	3	0	0	3	3	0	0	0	0	0	0	0	0	0	3	0	3	1	0	0	0	1	3	3	0	2	3	0	3	3
Actinomyces.sp..oral.taxon.171	0	0	0	0	1	0	0	0	3	0	0	0	2	0	0	1	3	0	0	0	0	0	3	3	0	0	3	1	0	0	1	0	0	0	3	3	3	3	0	1	3	3	0	0	0	0	0	0	0	0	0	3	0	3	1	0	0	0	1	3	3	0	2	3	0	3	3
Actinomyces.sp..oral.taxon.414	0	0	2	0	0	0	0	0	3	0	0	0	0	0	0	1	3	0	0	0	0	0	3	3	0	0	1	0	0	0	0	0	0	0	3	3	3	3	0	0	3	3	0	0	0	1	0	0	0	0	1	0	0	3	1	0	0	0	0	0	2	0	2	3	0	3	2
Actinomyces.sp..oral.taxon.848	0	0	0	0	0	0	0	0	2	0	0	2	0	0	0	1	2	0	0	0	0	0	3	3	0	0	1	0	0	0	0	0	0	0	3	3	3	3	0	0	3	3	0	0	0	0	0	2	0	0	0	3	0	2	3	0	0	0	0	3	0	0	2	3	0	3	3
Actinomyces.sp..oral.taxon.897	0	0	2	0	0	0	0	0	1	0	0	0	0	0	0	1	3	0	0	0	0	0	3	3	0	0	1	1	0	0	0	0	0	0	3	3	2	3	1	0	3	3	0	0	0	1	0	0	0	0	0	0	0	3	1	0	0	1	1	2	3	0	2	3	0	3	1
Actinomyces.sp..Z16	0	3	2	0	0	0	0	0	2	0	0	0	2	0	0	3	3	0	0	0	0	0	3	3	0	1	0	3	0	0	0	0	0	0	0	3	3	3	1	1	3	3	0	0	0	3	3	0	0	0	0	2	0	3	1	2	0	3	1	2	3	3	2	3	0	3	3
Actinomyces.sp..ZJ34	0	3	0	0	0	0	0	0	1	0	0	0	2	0	0	3	3	0	0	0	0	0	3	3	0	0	1	1	1	0	0	0	0	0	3	3	3	3	0	0	3	3	0	0	0	1	3	0	0	0	0	2	0	2	1	0	0	1	0	0	3	2	2	3	0	3	3
Actinomyces.sp..ZJ750	0	1	0	0	0	0	0	0	3	0	0	0	2	0	0	0	3	0	0	0	0	0	3	3	0	0	0	1	3	0	1	0	0	0	3	3	3	3	0	0	3	3	0	0	0	1	3	0	0	0	0	2	0	3	1	0	0	3	0	3	3	3	2	3	0	3	3
Actinomyces.viscosus	0	0	3	0	1	0	0	3	2	0	0	0	2	0	0	1	3	0	0	0	0	0	3	3	0	0	3	1	0	0	0	0	0	0	3	3	3	3	1	0	3	3	0	0	0	3	0	0	0	0	1	2	0	3	1	0	0	0	1	3	3	0	2	3	0	3	3
Actinomyces.weissii	0	0	0	0	1	0	0	0	0	0	0	0	2	0	0	0	3	0	0	0	0	0	3	3	0	0	1	0	3	0	0	0	0	0	0	3	2	3	0	0	3	3	0	0	0	0	0	0	0	0	0	3	0	3	1	0	0	0	0	3	0	0	2	3	0	3	3
Actinomyces.wuliandei	0	0	0	0	3	0	0	0	2	0	0	0	2	0	0	3	3	0	0	0	0	0	3	3	0	0	1	1	0	0	0	0	0	0	3	3	3	3	0	0	3	3	0	0	0	1	0	0	0	0	0	2	0	3	1	0	0	0	0	3	0	3	2	3	0	3	3
Aggregatibacter.actinomycetemcomitans	1	0	0	0	3	0	0	0	0	0	0	0	0	0	0	1	0	0	0	0	0	0	3	2	3	3	0	0	0	0	0	0	0	0	3	0	3	0	0	0	0	3	0	3	1	0	0	0	3	3	0	3	0	0	3	2	0	0	0	3	0	0	3	0	0	0	0
Aggregatibacter.aphrophilus	1	0	0	0	0	0	0	0	3	0	0	0	0	0	0	0	3	0	0	0	0	0	3	3	3	3	0	0	0	0	0	0	0	0	3	3	3	0	0	0	0	3	0	3	0	0	0	0	3	3	0	3	0	3	3	0	0	0	3	3	0	0	3	3	0	0	0
Aggregatibacter.segnis	3	0	0	0	3	0	0	0	3	0	0	0	0	0	0	0	0	0	0	0	0	0	3	2	3	0	0	0	0	0	0	0	0	0	3	0	3	0	0	0	1	3	0	3	1	0	0	0	2	3	0	3	0	0	1	0	0	0	1	3	0	0	3	3	0	0	0
Aggregatibacter.sp..oral.taxon.513	1	0	0	0	2	0	0	0	0	0	0	0	0	0	0	0	0	0	0	0	0	0	3	2	3	0	0	0	0	0	0	0	0	0	3	0	3	0	0	0	1	3	0	3	1	0	0	0	2	3	0	3	0	0	3	0	0	0	0	3	0	0	3	3	0	0	0
Aminipila.terrae	0	0	3	0	0	3	0	0	3	1	0	0	0	0	0	0	0	0	0	3	0	0	0	3	0	0	3	0	0	3	0	0	0	0	0	0	0	3	3	0	3	0	0	0	0	0	0	0	0	0	0	2	0	0	1	0	0	0	0	0	0	0	0	0	0	0	3
Anaerolineaceae.bacterium.oral.taxon.439	0	0	0	0	0	0	0	0	3	0	0	0	0	0	0	0	2	0	0	0	0	0	3	1	0	0	1	0	1	0	0	0	0	0	0	3	2	1	3	0	3	3	0	0	0	0	3	0	0	0	1	2	0	3	1	0	0	1	0	0	2	0	3	3	0	1	3
Arachnia.propionica	0	0	0	0	0	0	0	0	3	1	3	3	0	0	0	0	3	0	0	0	0	0	1	3	0	0	3	0	3	0	0	0	0	0	3	1	3	3	0	2	3	3	0	0	0	0	0	0	0	0	1	3	2	0	1	0	0	0	0	3	3	0	2	3	1	3	0
Arachnia.rubra	0	0	2	0	0	0	0	0	2	0	0	3	0	0	0	0	3	0	0	0	0	0	3	3	0	0	2	0	3	0	0	0	1	0	3	3	3	3	0	2	3	3	0	0	0	0	0	0	0	0	1	1	2	3	1	0	0	0	0	0	1	1	3	3	1	3	0
Bacteriophage.sp.	0	0	0	0	0	0	0	0	0	0	0	0	0	0	0	0	0	0	0	0	0	0	0	0	0	0	0	0	0	0	0	0	0	0	0	0	0	0	0	0	0	0	0	0	0	0	0	0	0	1	0	0	0	0	0	0	0	0	0	0	0	0	0	0	0	0	0
Bacteroides.heparinolyticus	1	2	1	0	0	3	0	0	3	0	0	0	0	0	0	0	0	0	0	0	0	0	3	3	2	0	2	1	0	0	0	1	0	0	0	3	3	0	3	0	1	3	0	3	0	0	3	3	0	0	1	3	0	3	1	0	2	2	3	0	3	0	3	3	0	0	0
Bacteroides.zoogleoformans	3	2	1	0	0	3	0	0	3	0	0	2	0	0	0	0	2	0	0	0	0	0	3	3	0	0	0	1	0	0	0	0	0	0	0	3	3	0	3	0	3	3	0	3	0	0	3	2	0	0	0	3	0	3	1	0	3	3	3	0	3	0	3	3	0	0	0
Bergeyella.cardium	1	0	1	0	3	3	0	0	3	0	0	3	0	0	0	0	0	1	0	0	0	0	0	3	1	0	1	0	0	0	0	0	0	0	0	0	0	0	0	0	3	0	0	3	0	0	0	3	3	3	1	3	0	0	3	0	0	0	0	2	0	0	3	0	0	3	3
Berryella.intestinalis	0	0	0	0	0	0	0	0	1	0	0	0	0	0	0	0	0	0	0	0	0	0	0	3	2	0	1	0	0	0	0	0	0	0	2	0	0	3	3	0	0	0	0	0	0	0	0	0	0	0	0	0	0	0	3	0	3	0	0	0	0	0	3	0	0	0	3
Bifidobacterium.dentium	0	3	3	0	0	0	0	0	3	0	0	0	0	0	0	0	3	0	0	0	0	0	3	3	0	1	0	3	0	0	0	0	0	0	0	3	3	3	3	0	0	3	0	0	0	3	3	0	0	0	0	0	0	3	0	0	2	3	3	0	3	0	3	3	0	3	0
Campylobacter.blaseri	0	0	0	0	2	0	0	3	0	0	0	0	0	0	0	0	0	0	0	2	3	0	0	3	3	0	0	0	0	0	0	0	0	0	3	0	0	0	0	0	0	0	0	3	0	0	0	0	3	3	0	0	0	0	3	0	2	0	0	0	2	0	3	0	0	0	0
Campylobacter.concisus	0	0	0	0	0	0	0	0	3	0	0	0	0	0	0	0	0	0	0	3	3	0	0	3	3	0	0	0	0	0	0	0	0	0	3	0	0	0	0	0	0	0	0	3	0	0	0	0	3	3	0	0	0	0	3	0	3	0	0	0	0	0	3	0	0	0	0
Campylobacter.curvus	0	0	0	0	0	0	0	0	3	0	0	0	0	0	0	0	0	0	0	3	0	0	0	3	3	0	0	0	0	0	0	0	0	0	3	0	0	0	1	0	0	0	0	3	0	0	0	0	3	3	0	0	0	0	3	0	3	0	0	0	0	0	3	0	0	0	0
Campylobacter.gracilis	0	0	0	0	3	0	0	0	2	0	0	0	0	0	0	0	0	0	0	0	3	0	0	3	3	0	0	0	0	0	0	0	0	0	3	0	0	0	1	0	0	0	0	3	0	0	0	0	3	1	0	0	0	0	3	0	3	0	0	0	0	0	3	0	0	0	0
Campylobacter.rectus	0	0	0	0	0	0	0	0	2	0	0	0	0	0	0	0	0	0	0	3	0	0	0	3	3	0	0	0	0	0	0	2	0	0	3	0	0	0	0	0	1	0	0	3	0	0	0	0	3	3	0	0	0	0	1	0	3	0	0	0	0	0	3	0	0	0	2
Campylobacter.showae	0	0	0	0	3	0	0	0	3	0	0	0	0	0	0	0	0	0	0	3	1	0	0	3	3	0	0	0	0	0	0	0	0	0	3	0	0	0	0	0	0	0	0	3	0	0	0	0	3	3	0	3	0	0	3	0	3	0	0	0	0	0	3	0	0	0	0
Candidatus.Gracilibacteria.HOT.871	0	0	0	0	0	0	0	0	0	0	0	1	0	0	0	0	0	0	0	0	0	0	0	0	0	0	0	0	0	0	0	1	0	0	0	0	0	0	0	1	0	0	0	0	0	0	0	0	1	0	0	0	0	1	0	0	0	0	0	0	0	0	0	0	0	0	0
Candidatus.Saccharibacteria.oral.488	0	0	0	0	0	0	0	0	1	0	0	0	0	0	0	0	0	1	0	0	1	0	0	0	0	0	1	0	0	0	0	0	0	0	0	0	0	3	0	1	0	0	0	0	0	0	0	0	1	0	0	0	0	0	0	0	0	0	0	0	0	0	0	0	0	3	3
Candidatus.Saccharibacteria.oral.955	0	0	0	0	0	1	0	0	1	0	0	0	0	0	0	0	0	1	0	0	0	0	0	0	0	0	1	0	0	0	0	0	0	0	0	0	0	3	0	0	1	0	0	0	0	0	0	0	1	0	0	0	0	0	0	0	0	0	0	0	1	0	0	0	0	3	3
Candidatus.Saccharibacteria.oral.957	0	0	2	0	0	0	0	0	1	0	0	0	2	0	0	0	0	1	0	0	0	0	0	1	0	1	1	0	0	0	0	1	0	0	0	0	0	3	0	0	1	0	0	0	0	0	0	0	1	0	0	0	0	0	0	0	0	0	0	0	0	0	1	0	0	3	3
Capnocytophaga.endodontalis	1	0	0	0	0	2	0	0	3	0	0	0	0	0	0	0	0	0	0	0	2	0	3	3	1	0	0	0	0	0	0	3	0	0	0	3	3	0	0	0	1	3	0	3	0	0	0	0	3	0	1	3	0	3	1	0	0	1	3	2	3	0	3	3	0	3	3
Capnocytophaga.gingivalis	3	0	0	0	0	1	0	0	3	0	0	0	0	0	0	0	0	0	0	0	0	0	3	3	1	0	1	0	1	0	0	3	0	0	0	0	3	0	0	0	1	3	0	3	0	0	0	0	3	3	1	3	0	1	1	0	2	0	0	2	2	0	3	3	0	2	3
Capnocytophaga.haemolytica	3	0	0	0	0	2	0	0	3	0	0	0	0	0	0	0	0	0	0	0	0	0	3	3	0	1	1	0	0	0	0	1	0	0	0	3	3	0	0	0	3	3	0	3	0	0	0	0	3	0	0	3	0	3	1	0	0	1	3	3	3	0	3	3	0	3	3
Capnocytophaga.leadbetteri	1	0	0	0	0	2	0	0	3	0	0	0	0	0	0	0	0	0	0	0	0	0	3	3	2	0	1	0	0	0	0	3	0	0	0	3	3	0	0	0	1	3	0	3	0	0	0	0	3	0	1	3	0	3	1	0	0	0	3	3	2	0	3	3	0	3	3
Capnocytophaga.ochracea	1	0	0	0	0	2	0	0	3	0	0	0	0	0	0	0	0	0	0	0	0	0	3	3	0	0	1	0	0	0	0	1	0	0	0	3	3	0	0	0	1	3	0	3	0	0	0	0	3	0	1	3	0	3	1	0	0	1	3	3	3	0	3	3	0	3	3
Capnocytophaga.sp..FDAARGOS_737	1	0	0	0	0	3	0	0	3	0	0	0	0	0	0	0	0	0	0	0	0	0	3	3	0	0	1	0	0	0	0	1	0	0	0	3	3	0	0	0	1	3	0	3	0	0	0	0	3	0	1	3	0	3	1	0	0	0	1	3	2	0	3	3	0	3	3
Capnocytophaga.sp..oral.taxon.864	3	0	0	0	0	3	0	0	3	0	0	0	0	0	0	0	0	0	0	0	0	0	3	3	0	0	1	1	0	0	0	0	0	0	0	3	3	0	0	0	1	3	0	3	0	0	0	2	3	0	1	3	0	3	3	0	0	1	3	3	3	2	3	3	0	3	3
Capnocytophaga.sp..oral.taxon.878	3	0	0	0	0	0	0	0	3	0	0	0	0	0	0	0	0	0	0	0	0	0	3	3	0	0	1	0	0	0	0	3	0	0	0	3	3	0	0	0	1	3	0	3	0	0	0	0	3	0	1	3	0	3	1	0	0	0	3	3	3	0	3	3	0	3	3
Capnocytophaga.sp..oral.taxon.902	1	0	0	0	0	2	0	0	3	0	0	0	0	0	0	0	0	0	0	0	2	0	3	3	0	0	1	1	0	0	0	0	0	0	0	3	3	0	0	0	1	3	0	3	0	0	0	2	3	0	1	3	0	3	3	0	0	1	3	3	3	0	3	3	0	3	3
Capnocytophaga.sputigena	1	0	0	0	0	3	0	0	3	0	0	0	0	0	0	0	0	0	0	0	2	0	3	3	0	0	1	0	0	0	0	3	0	0	0	3	3	0	0	0	1	3	0	3	0	0	0	2	3	0	1	3	0	3	1	0	0	1	3	2	3	0	3	3	0	3	3
Cardiobacterium.hominis	0	0	0	0	1	0	0	0	2	0	0	3	0	0	0	3	3	0	0	0	0	0	3	3	1	0	0	0	1	0	0	0	0	0	2	0	3	0	0	0	2	3	0	3	0	0	0	0	3	3	1	0	0	0	3	0	0	0	0	1	0	0	3	3	0	0	0
Carnobacterium.divergens	0	0	3	0	0	0	0	0	3	2	3	1	0	2	0	2	3	0	0	0	0	2	3	3	0	0	1	0	1	0	0	0	0	0	0	0	3	3	0	3	0	3	0	0	0	3	0	0	0	0	0	3	0	3	1	0	0	3	0	3	3	0	2	3	0	3	3
Carnobacterium.maltaromaticum	0	0	3	0	0	0	0	0	3	3	3	3	0	0	0	3	3	0	0	0	0	2	3	3	0	0	0	0	1	0	0	0	0	0	0	0	3	3	0	3	0	3	0	0	0	3	0	0	0	0	0	1	0	3	1	0	0	3	0	3	3	0	3	3	0	3	3
Clostridiales.bacterium	0	0	0	0	0	0	0	0	3	1	0	0	0	0	0	3	0	0	0	0	0	0	3	3	0	2	1	0	0	3	0	0	0	0	0	0	0	3	3	0	3	2	0	0	0	0	0	2	0	0	0	2	0	0	1	0	2	0	0	0	2	0	3	0	0	0	0
Clostridioides.difficile	0	0	0	0	0	3	0	0	2	0	0	3	0	0	0	3	2	0	0	3	0	0	0	3	0	0	0	0	0	3	0	0	0	0	0	0	3	3	3	0	0	3	0	0	0	2	0	0	0	0	0	3	0	0	1	2	0	0	0	0	2	0	3	1	3	0	0
Collinsella.aerofaciens	0	0	0	0	0	0	0	0	3	0	0	0	0	2	0	1	2	0	0	0	0	0	2	3	0	1	0	0	0	0	0	0	0	0	0	0	0	3	3	0	0	3	0	0	0	3	0	0	0	0	0	0	0	2	1	0	1	2	0	0	0	0	3	3	0	3	3
Corynebacterium.aquilae	0	0	0	0	3	0	0	0	3	0	3	0	2	0	0	0	0	3	0	0	0	0	3	3	0	0	0	0	0	0	0	0	1	0	0	0	3	3	0	3	3	3	0	0	0	0	0	0	0	0	1	0	0	0	1	0	0	0	0	0	0	0	3	3	0	3	0
Corynebacterium.argentoratense	0	0	0	0	3	0	0	0	3	0	0	0	2	0	0	0	0	0	0	0	0	0	1	3	0	0	0	0	3	0	0	0	0	0	0	0	0	3	0	2	3	2	0	0	0	0	0	0	0	0	0	0	0	0	1	0	0	0	0	3	0	0	3	3	0	3	0
Corynebacterium.diphtheriae	0	0	0	0	3	0	0	0	1	0	3	0	2	0	0	0	0	0	0	0	0	0	3	3	0	0	0	0	0	0	0	0	0	0	3	0	3	3	0	2	3	3	0	0	0	1	3	0	0	0	0	0	0	0	1	0	0	0	0	3	0	1	3	1	0	3	0
Corynebacterium.matruchotii	0	0	0	0	3	0	0	0	2	0	3	2	2	0	0	0	0	0	0	0	0	0	3	3	0	0	0	0	0	0	0	0	0	0	3	0	2	3	0	3	3	3	1	0	0	0	0	0	0	0	1	2	0	0	1	0	0	0	0	3	0	0	3	3	0	3	0
Corynebacterium.vitaeruminis	0	0	0	0	3	0	0	3	1	0	3	0	2	0	0	0	1	0	0	0	0	0	3	3	0	0	0	0	1	0	0	0	0	0	3	0	3	3	0	2	3	3	1	0	0	0	0	0	0	0	1	3	1	0	1	0	0	0	0	2	0	0	3	3	0	3	0
Cryptobacterium.curtum	0	0	0	0	0	0	0	0	3	0	0	0	0	0	0	0	0	0	0	0	0	0	0	3	2	0	1	0	0	0	0	0	0	0	0	0	0	3	3	0	0	0	0	0	0	0	0	0	0	0	0	0	0	0	1	0	3	0	0	0	0	0	2	0	0	3	3
Cutibacterium.acnes	0	0	0	0	3	1	0	0	0	0	0	0	0	0	0	3	0	0	0	0	0	0	0	3	0	0	0	0	0	0	0	0	0	0	3	3	2	3	3	3	3	3	0	0	0	0	0	0	0	0	0	3	0	0	1	0	0	0	0	0	0	0	3	0	1	3	3
Desulfobulbus.oralis	0	0	0	0	3	0	0	0	1	0	0	0	0	0	0	0	0	0	0	0	0	0	0	3	1	0	0	0	0	0	0	0	0	0	2	0	0	0	3	2	2	0	0	3	0	0	0	0	0	0	1	0	0	0	1	0	0	0	0	0	0	0	2	0	0	0	0
Desulfomicrobium.orale	0	0	0	0	0	0	0	0	3	1	0	0	0	0	0	0	0	0	0	3	0	0	0	3	1	0	1	0	0	0	0	0	0	0	2	0	2	0	3	0	3	0	0	3	0	0	0	0	0	0	0	3	0	0	1	0	1	0	0	0	0	0	3	0	0	0	3
Dialister.pneumosintes	0	0	0	0	0	0	0	0	0	0	0	0	0	2	0	0	0	0	0	0	0	3	0	3	3	0	0	0	0	0	0	0	0	0	0	0	0	0	1	0	3	0	0	3	3	0	0	0	0	0	0	0	0	1	1	0	0	0	0	0	0	0	0	0	0	1	1
Dolosigranulum.pigrum	0	0	1	0	0	0	0	0	3	0	0	3	0	1	0	0	2	0	0	0	0	0	3	3	0	2	0	0	0	0	0	0	0	0	0	3	3	3	0	3	0	3	0	0	0	1	0	0	0	0	0	3	0	2	1	0	0	2	0	3	1	0	2	3	0	3	3
Eikenella.corrodens	0	0	0	0	0	0	0	0	0	0	0	0	0	0	0	0	0	2	0	0	0	0	0	2	0	0	0	0	0	0	0	0	0	0	3	0	0	0	0	0	2	0	0	3	0	0	0	0	3	3	1	0	0	0	3	0	0	0	0	2	0	0	3	0	0	0	0
Enterococcus.cecorum	0	0	3	0	0	0	0	0	3	0	3	0	0	3	0	0	3	0	0	0	0	1	3	3	0	0	0	2	1	0	0	0	0	0	0	3	3	3	0	3	0	3	0	0	0	3	0	0	0	0	0	2	0	3	1	0	0	3	1	3	3	0	2	3	0	3	0
Enterococcus.faecalis	0	0	3	0	0	0	0	0	3	0	3	3	0	3	0	3	3	0	0	0	0	3	3	3	0	0	0	0	0	0	0	0	0	0	0	3	3	3	0	3	0	3	0	0	0	3	0	0	0	0	0	3	0	3	1	0	0	3	0	3	3	0	0	3	3	3	3
Faecalibacterium.prausnitzii	0	2	0	0	0	0	0	0	3	0	0	0	0	0	0	1	2	0	0	0	0	0	3	3	2	3	0	0	0	0	0	0	0	0	0	3	3	3	3	0	3	3	0	0	0	0	0	0	0	0	0	2	0	3	1	0	2	3	0	0	2	0	3	3	0	0	0
Filifactor.alocis	0	0	0	0	0	0	0	0	2	0	0	0	0	0	0	0	0	0	0	0	0	0	0	3	0	0	1	0	1	0	0	0	0	0	0	0	0	3	3	0	3	0	0	0	0	0	0	0	0	0	0	2	0	0	1	0	2	0	0	0	0	0	3	0	1	3	3
Finegoldia.magna	0	0	0	0	0	0	0	0	3	0	0	3	0	3	0	0	0	0	0	0	0	0	0	3	0	0	1	0	0	0	0	0	0	0	0	0	0	3	3	0	0	0	0	0	0	0	0	0	0	0	0	0	0	0	1	0	0	0	0	0	0	0	0	0	0	0	3
Fretibacterium.fastidiosum	0	1	0	0	0	0	0	0	3	0	0	3	0	0	0	0	0	0	0	3	0	0	0	2	3	0	3	0	3	0	0	0	0	0	0	0	0	0	3	0	3	0	0	3	0	0	0	0	0	0	0	3	0	0	1	0	3	0	0	0	0	0	3	0	0	0	3
Fusobacterium.canifelinum	3	0	0	0	0	0	0	0	2	0	0	1	0	0	0	0	0	0	0	0	0	0	0	3	3	0	1	0	1	0	0	0	0	0	0	0	0	0	3	0	3	3	0	3	0	0	0	0	2	0	0	0	0	0	1	0	0	0	0	0	0	0	3	2	0	0	2
Fusobacterium.hwasookii	3	0	0	0	0	0	0	0	2	0	0	1	0	0	0	0	0	0	0	0	0	0	0	3	3	0	3	0	0	0	0	0	0	0	0	0	0	0	3	0	3	3	0	3	0	0	0	0	0	0	0	0	0	0	1	0	0	0	0	0	0	0	3	3	0	0	2
Fusobacterium.necrophorum	0	0	0	0	0	0	0	0	3	0	0	0	0	0	0	0	0	0	0	0	0	0	0	3	3	0	3	0	0	0	0	0	0	0	0	0	0	0	3	0	2	3	0	3	0	0	0	0	0	0	1	0	2	0	1	0	0	0	0	0	0	0	3	0	0	0	3
Fusobacterium.nucleatum	3	0	0	0	0	0	0	0	3	0	0	3	0	0	0	0	0	0	0	0	0	0	0	3	3	0	1	0	0	0	0	0	0	0	0	0	0	0	3	0	2	3	0	3	0	0	0	0	2	0	0	0	0	0	1	0	0	0	0	0	0	0	3	0	0	0	0
Fusobacterium.periodonticum	3	0	0	0	0	0	0	0	3	0	0	0	0	0	0	0	0	0	0	0	0	0	0	3	3	0	3	0	0	0	0	0	0	0	0	0	0	0	3	0	3	3	0	3	0	0	0	0	2	0	0	0	0	0	1	0	0	0	0	0	0	0	3	0	0	0	0
Fusobacterium.pseudoperiodonticum	3	0	0	0	0	0	0	0	3	0	0	0	0	0	0	0	0	0	0	0	0	0	0	3	3	0	0	0	1	0	0	0	0	0	0	0	0	0	3	0	3	3	0	3	0	0	0	0	2	0	0	0	0	0	1	0	0	0	0	0	0	0	3	1	0	0	0
Fusobacterium.sp..oral.taxon.203	3	0	0	0	0	0	0	0	3	0	0	1	0	0	0	0	0	0	0	0	0	0	0	3	3	0	1	0	1	0	0	0	0	0	0	0	0	0	3	0	3	3	0	3	0	0	0	0	2	0	0	0	0	0	1	0	0	0	0	0	0	0	3	0	0	0	0
Gemella.haemolysans	0	0	0	0	0	0	0	0	2	0	0	1	2	3	0	0	1	0	0	0	0	0	3	3	0	0	1	0	0	0	0	0	0	0	0	0	1	3	0	0	3	2	0	0	0	0	0	0	0	0	0	3	0	2	3	0	0	0	0	3	2	0	0	3	0	3	0
Gemella.morbillorum	0	0	0	0	0	0	0	0	2	0	0	1	2	3	0	1	0	0	0	0	0	0	3	3	0	0	1	0	0	0	0	0	0	0	0	0	1	3	0	0	3	3	0	0	0	0	0	0	0	0	0	0	0	0	1	0	0	0	0	3	0	0	0	3	1	3	2
Gemella.sanguinis	0	0	0	0	0	0	0	0	3	0	3	1	2	3	0	1	0	0	0	0	0	0	3	3	0	0	1	0	0	0	0	0	0	0	0	0	3	3	0	0	3	3	0	0	0	0	0	0	0	0	0	3	0	0	1	0	0	0	0	3	3	0	0	3	1	3	1
Gemella.sp..oral.taxon.928	0	0	0	0	0	0	0	0	3	0	0	0	2	3	0	0	0	0	0	0	0	0	2	3	0	0	1	0	0	0	0	0	0	0	0	0	2	3	0	0	2	2	0	0	0	0	0	0	0	0	0	3	0	2	1	0	0	0	0	3	0	0	0	2	0	3	3
Haemophilus.haemolyticus	1	0	0	0	3	0	0	3	0	0	0	0	0	0	0	0	0	0	0	0	0	0	3	2	3	0	0	0	0	0	0	0	0	0	3	0	1	0	0	0	0	3	0	3	0	0	0	0	3	3	0	3	0	0	0	0	1	0	0	3	0	0	3	0	0	0	0
Haemophilus.influenzae	3	0	0	0	3	0	0	3	1	0	0	0	0	0	0	0	0	0	0	0	0	0	3	0	3	0	0	0	0	0	0	0	0	0	3	0	0	0	0	0	1	3	0	3	0	0	0	0	2	3	0	3	0	0	3	0	0	0	0	3	0	0	3	0	0	0	0
Haemophilus.parahaemolyticus	1	0	0	0	3	0	0	3	1	0	0	0	0	0	0	0	1	0	0	0	0	0	3	2	3	0	0	0	0	0	0	0	0	0	3	0	3	0	0	0	1	3	0	3	1	0	0	0	3	3	0	3	0	0	0	0	0	0	0	3	0	0	3	3	0	0	0
Haemophilus.parainfluenzae	1	0	0	0	3	0	0	3	0	0	0	0	0	0	0	0	0	0	0	0	0	0	3	2	3	2	0	0	0	0	0	0	0	0	3	1	3	0	0	0	0	3	0	3	3	0	0	0	3	3	0	3	0	0	0	0	0	0	0	3	0	0	3	3	0	0	0
Haemophilus.sp..oral.taxon.036	1	0	0	0	3	0	0	3	0	0	0	0	0	0	0	0	0	0	0	0	0	0	3	2	3	0	0	0	0	0	0	0	0	0	3	0	1	0	0	0	0	3	0	3	0	0	0	0	3	3	0	3	0	0	3	0	0	0	0	3	0	0	3	1	0	0	0
Histophilus.somni	1	3	0	0	1	0	0	0	1	0	0	0	0	0	0	3	0	0	0	0	0	0	3	2	3	0	0	0	0	0	0	0	0	0	3	0	3	0	0	0	2	3	0	3	3	0	0	0	3	2	0	2	0	0	1	0	0	0	0	3	0	0	3	0	3	0	0
Human.betaherpesvirus.7	0	0	0	0	0	0	0	0	0	0	0	0	0	0	0	0	0	0	0	0	0	0	0	0	0	0	0	0	0	0	0	0	0	0	0	0	0	0	0	0	0	0	0	0	0	0	0	0	0	0	0	0	0	0	0	0	0	0	0	0	0	0	0	0	0	0	0
Kingella.denitrificans	0	0	0	0	0	0	0	0	0	1	0	0	0	1	0	0	0	3	0	0	0	1	0	2	0	0	0	0	0	0	0	0	0	0	3	0	0	0	0	0	3	0	0	3	0	0	0	0	3	3	0	0	0	0	3	0	0	0	0	0	0	0	3	0	0	0	0
Kingella.kingae	0	0	0	0	3	0	0	0	0	1	0	0	0	1	0	0	0	3	0	0	0	1	1	2	0	0	0	0	0	0	0	0	0	0	0	0	0	0	0	0	1	0	0	3	0	0	0	0	3	3	0	1	0	0	1	0	0	0	0	0	0	0	3	0	0	0	0
Kingella.oralis	0	0	0	0	2	0	0	0	2	0	0	0	0	1	0	0	0	3	0	2	0	0	0	2	2	0	0	0	0	0	0	0	0	0	2	0	0	0	0	0	3	0	0	3	0	0	0	0	3	3	0	3	0	0	3	0	2	1	0	0	0	0	3	0	0	0	2
Klebsiella.pneumoniae	1	3	1	3	3	0	3	3	3	3	3	3	0	0	0	3	3	0	1	0	0	0	3	3	3	3	1	3	3	0	2	0	3	3	3	3	3	0	0	0	2	3	0	3	0	3	3	2	0	0	2	3	0	3	3	2	0	3	3	3	3	3	3	3	3	0	0
Lachnoanaerobaculum.umeaense	0	2	0	0	0	0	0	0	3	0	0	0	0	1	0	1	0	0	0	0	0	0	1	3	2	3	0	0	1	0	0	0	0	0	0	3	1	3	3	0	0	3	0	0	0	0	3	0	0	0	0	0	0	3	1	2	0	0	0	0	2	0	3	3	0	1	0
Lachnospiraceae.bacterium.oral.taxon.096	0	0	0	0	0	0	0	3	3	0	0	0	0	1	0	0	0	0	0	0	0	0	1	3	3	0	0	0	0	0	0	0	0	0	0	3	1	3	3	0	1	3	0	0	0	0	0	0	0	0	1	0	0	1	1	0	0	0	0	2	3	0	1	1	0	1	0
Lachnospiraceae.bacterium.oral.taxon.500	0	0	0	0	0	1	0	0	3	0	0	0	0	0	0	1	0	0	0	3	0	0	3	3	0	0	1	0	0	0	0	0	0	0	0	3	3	3	3	0	0	3	0	0	0	3	0	0	0	0	0	2	0	0	1	0	0	0	0	0	3	3	3	1	0	2	3
Lactococcus.cremoris	0	0	1	0	0	0	0	0	3	0	3	0	2	3	0	0	3	0	0	0	0	3	3	3	0	0	1	2	0	0	0	0	0	0	0	2	2	3	0	0	0	3	0	0	0	3	0	0	0	0	0	0	0	3	1	0	0	1	2	3	3	0	0	2	0	3	3
Lactococcus.lactis	0	0	0	0	0	0	0	0	3	0	3	3	2	3	0	0	3	0	0	0	0	3	3	3	0	2	1	2	2	0	0	0	0	0	0	3	3	3	0	0	0	3	0	0	0	3	3	0	0	0	0	2	0	3	1	0	0	3	2	3	3	0	0	3	0	3	3
Lancefieldella.parvula	0	0	0	0	0	0	0	0	3	0	0	1	0	3	0	0	3	0	0	0	0	0	3	3	0	0	0	0	1	0	0	0	0	0	0	3	3	3	3	0	0	3	0	0	0	0	0	0	0	0	1	2	0	3	0	0	0	0	0	0	0	0	0	3	0	3	0
Lautropia.mirabilis	0	0	0	1	3	0	2	3	0	1	0	0	0	0	0	1	0	2	1	3	2	0	0	3	1	0	1	0	0	0	0	0	0	0	3	0	0	0	0	0	2	2	0	3	0	0	0	0	0	3	1	0	0	0	3	0	0	0	0	0	0	0	3	3	0	0	0
Leptotrichia.hofstadii	0	0	0	0	0	0	0	0	2	0	0	3	0	0	0	0	3	0	0	0	0	0	3	3	3	0	0	0	1	0	0	2	0	0	0	0	3	0	2	0	0	3	0	3	0	3	0	0	2	0	0	3	0	0	1	0	0	3	0	3	3	0	3	3	0	0	0
Leptotrichia.hongkongensis	0	0	0	0	0	0	0	0	0	0	0	3	0	0	0	0	3	0	0	0	0	0	3	3	3	0	0	0	1	0	0	0	0	0	0	0	3	0	0	0	0	3	0	3	0	3	0	0	3	0	0	3	0	0	1	0	0	3	0	3	3	0	3	3	0	0	0
Leptotrichia.sp..oral.taxon.212	0	0	0	0	0	0	0	0	3	0	0	3	0	0	0	0	3	0	0	0	0	0	3	3	3	0	0	0	1	0	0	2	0	0	0	3	3	0	3	0	0	3	0	3	0	3	0	0	2	0	0	3	0	2	1	0	0	3	0	0	1	0	3	3	0	0	3
Leptotrichia.sp..oral.taxon.218	0	0	0	0	0	0	0	0	3	0	0	3	0	0	0	0	3	0	0	0	0	0	3	3	3	0	0	0	1	0	0	0	0	0	0	0	3	0	3	0	0	3	0	3	0	3	0	0	2	0	0	3	0	0	1	0	1	3	0	2	3	0	3	3	0	0	0
Leptotrichia.sp..oral.taxon.221	0	0	0	0	0	0	0	0	3	0	0	3	0	0	0	0	3	0	0	0	0	0	3	3	3	0	0	0	1	0	0	0	0	0	0	0	3	0	2	0	0	3	0	3	0	3	0	0	3	0	0	3	0	0	1	0	0	2	0	3	3	0	3	3	0	0	0
Leptotrichia.trevisanii	0	0	0	0	0	0	0	0	2	0	0	0	0	0	0	0	3	0	0	0	0	0	3	3	3	0	0	0	1	0	0	2	0	0	0	0	3	0	2	0	0	3	0	3	0	3	0	0	2	0	0	3	0	0	1	0	0	3	0	2	3	0	3	3	0	0	0
Leptotrichia.wadei	0	0	0	0	0	0	0	0	2	0	0	3	0	0	0	0	3	0	0	0	0	0	3	3	3	0	0	0	1	0	0	0	0	0	0	0	3	0	2	0	0	3	0	3	0	3	0	0	3	0	0	3	0	0	1	0	0	3	0	3	3	0	3	3	0	0	0
Ligilactobacillus.salivarius	0	0	0	0	0	0	0	0	3	0	3	0	0	0	0	1	1	0	0	0	0	0	3	3	0	0	0	3	1	0	0	0	0	0	0	3	1	3	0	0	0	3	0	0	0	1	0	0	0	0	0	0	0	3	0	0	0	0	3	0	3	0	2	3	0	0	0
Mannheimia.granulomatis	1	0	0	0	1	0	0	0	3	0	0	0	0	0	0	1	1	0	0	0	0	0	3	2	3	2	0	0	0	0	0	0	0	0	3	1	3	0	0	0	2	3	0	3	0	0	0	0	2	3	0	3	0	0	0	0	0	0	0	3	0	0	3	3	0	0	0
Mobiluncus.curtisii	0	0	0	0	0	0	0	0	3	0	0	0	2	0	0	0	0	0	0	3	0	0	3	3	0	0	1	0	0	0	0	0	0	0	3	3	0	3	3	0	3	0	0	0	0	0	0	0	0	0	0	0	1	3	0	0	0	0	0	0	0	0	3	0	0	3	3
Mogibacterium.diversum	2	0	0	0	0	0	0	0	3	0	0	0	0	1	0	0	0	0	0	0	0	0	0	3	1	0	0	0	0	0	0	0	0	0	0	0	0	3	3	0	3	0	0	0	0	0	0	0	0	0	0	0	0	0	1	0	2	0	0	0	0	0	0	0	0	1	0
Mogibacterium.pumilum	0	0	0	0	0	0	0	0	3	0	0	0	0	1	0	0	0	0	0	0	0	0	0	3	1	0	0	0	0	0	0	0	0	0	0	0	0	3	3	0	3	0	0	0	0	0	0	0	0	0	1	0	0	0	1	0	0	0	0	0	0	0	0	0	0	1	0
Mycoplasma.hominis	0	0	0	0	0	0	0	0	3	0	0	0	0	0	0	0	0	0	0	0	0	0	0	0	0	0	1	0	0	0	0	0	0	0	0	0	0	0	0	0	1	0	0	0	0	0	0	0	3	0	0	0	0	0	0	0	0	0	0	3	0	0	0	0	0	0	1
Mycoplasma.hyosynoviae	0	0	0	0	0	0	0	0	3	0	0	0	0	1	0	0	0	0	0	0	0	0	0	0	0	0	1	0	0	0	0	1	0	0	0	0	0	0	0	0	0	2	0	0	0	0	0	0	1	0	0	0	0	0	0	0	0	0	0	0	0	0	0	0	0	0	3
Mycoplasma.orale	0	0	0	0	0	0	0	0	3	0	0	0	0	1	0	0	0	0	0	0	0	0	0	0	0	0	1	0	1	0	0	1	0	0	0	0	0	0	0	0	0	0	0	0	0	0	0	0	3	0	0	0	0	0	0	0	0	0	0	1	1	0	0	0	0	0	1
Neisseria.bacilliformis	0	0	0	1	1	0	0	0	0	0	0	0	0	1	0	0	0	3	0	2	0	0	0	3	2	0	0	0	0	0	0	0	0	0	3	0	0	0	0	0	2	0	0	3	0	0	0	0	1	3	0	0	0	0	3	0	0	0	0	0	0	0	3	0	0	0	0
Neisseria.cinerea	0	0	0	0	3	0	0	0	0	0	0	0	0	3	0	0	0	3	0	0	0	3	0	2	0	0	0	0	0	0	0	0	0	0	0	0	0	0	0	0	3	2	0	3	0	0	0	0	3	3	0	0	0	0	3	0	0	0	0	0	0	0	0	0	0	0	0
Neisseria.elongata	0	0	0	1	0	0	0	0	0	0	0	0	0	1	0	0	0	3	0	0	0	0	0	3	1	0	0	0	0	0	0	0	0	0	0	0	0	0	0	0	3	2	0	3	0	0	0	0	3	3	0	0	0	0	3	0	0	0	0	0	0	0	3	0	0	0	0
Neisseria.flavescens	0	0	0	1	3	0	0	0	0	0	0	0	0	3	0	0	0	2	0	0	0	1	3	3	2	0	0	0	1	0	0	0	0	0	0	0	0	0	0	0	3	2	0	3	0	0	0	0	3	3	0	0	0	0	3	0	0	0	0	1	0	0	0	0	0	0	0
Neisseria.gonorrhoeae	0	0	0	0	3	0	0	0	0	0	0	0	0	3	0	0	0	3	0	0	0	3	0	0	0	0	0	0	1	0	0	0	0	0	0	0	0	0	0	0	3	0	0	3	0	0	0	0	3	3	1	0	0	0	3	0	0	0	0	0	0	0	0	0	0	0	0
Neisseria.lactamica	0	0	0	0	3	0	0	0	0	0	0	0	0	3	0	0	0	3	0	0	0	3	3	2	0	0	0	0	1	0	0	0	0	0	0	1	0	0	0	0	1	2	0	3	0	0	0	0	3	3	1	0	0	3	1	0	0	0	0	0	0	0	0	0	0	0	0
Neisseria.meningitidis	0	0	0	0	3	0	0	0	0	0	0	0	0	3	0	0	0	3	0	0	0	3	3	2	0	0	0	0	1	0	0	0	0	0	0	0	0	0	0	0	1	2	0	3	0	0	0	0	3	3	1	0	0	0	1	0	0	0	0	0	0	0	0	0	0	0	0
Neisseria.mucosa	0	0	0	1	3	0	0	0	0	0	0	0	0	3	0	0	0	2	0	0	0	1	3	3	0	0	0	0	0	0	0	0	0	0	3	0	0	0	0	0	1	0	0	3	0	0	0	0	3	3	0	0	0	0	3	0	0	0	0	2	0	0	0	0	0	0	0
Neisseria.sicca	0	0	0	1	3	0	0	0	0	0	0	0	0	3	0	0	0	2	0	0	0	3	2	3	0	0	0	0	1	0	0	0	0	0	0	0	0	0	0	0	3	0	0	3	0	0	0	0	3	3	0	0	0	0	3	0	0	0	0	0	0	0	0	0	0	0	0
Neisseria.sp..KEM232	0	0	0	1	3	0	0	0	0	0	0	0	0	1	0	0	0	3	0	0	0	1	0	3	0	0	0	0	0	0	0	0	0	0	3	0	0	0	0	0	3	2	0	3	0	0	0	0	3	3	0	0	0	0	3	0	0	0	0	0	0	0	3	0	0	0	0
Neisseria.sp..oral.taxon.014	0	0	0	1	3	0	0	0	0	0	0	0	0	3	0	0	0	2	0	0	0	2	3	3	0	0	0	0	0	0	0	0	0	0	3	3	0	0	0	0	2	0	0	3	0	0	0	0	3	3	0	0	0	0	3	0	0	0	0	0	0	0	0	0	0	0	0
Neisseria.subflava	0	0	0	1	3	0	0	0	0	0	0	0	0	1	0	0	0	2	0	0	0	1	3	3	2	0	0	0	0	0	0	0	0	0	0	0	0	0	0	0	3	2	0	3	0	0	0	0	3	3	0	0	0	0	3	0	0	0	0	0	0	0	0	0	0	0	0
Olsenella.sp..oral.taxon.807	0	0	0	0	0	0	0	0	3	0	0	3	0	3	0	0	3	0	0	0	0	0	3	3	0	0	1	0	0	0	0	0	0	0	0	0	2	3	3	0	0	3	0	0	0	2	0	0	0	0	1	0	2	2	1	0	2	0	0	0	2	0	2	3	1	3	2
Olsenella.uli	0	0	0	0	0	0	0	0	3	0	0	3	0	0	0	0	3	0	0	0	0	0	3	3	0	0	1	0	1	0	0	0	0	0	0	0	0	3	3	0	2	3	0	0	0	1	0	0	0	0	0	0	0	2	1	0	2	0	0	0	0	0	3	3	0	3	3
Ottowia.sp..oral.taxon.894	0	0	0	0	1	0	0	0	3	0	0	0	0	0	3	0	0	2	0	2	3	0	0	3	3	0	3	0	0	0	0	0	0	0	0	0	0	0	0	0	3	0	0	3	0	0	0	0	0	3	0	1	0	0	3	0	0	0	0	0	0	0	3	0	0	0	0
Parascardovia.denticolens	0	0	3	0	0	0	0	0	1	0	0	0	0	0	0	0	0	0	0	0	0	0	3	3	0	0	1	1	0	0	0	0	0	0	0	3	1	3	3	0	3	3	0	0	0	3	3	0	0	0	0	0	0	2	0	0	2	0	0	0	1	0	3	3	0	3	3
Parvimonas.micra	0	0	1	0	0	1	0	0	3	0	0	1	0	2	0	0	0	0	0	0	0	0	0	2	0	0	1	0	0	0	0	0	0	0	0	0	0	3	0	0	0	0	0	0	0	0	0	0	0	0	0	3	0	0	1	0	3	0	0	0	0	0	3	0	0	3	3
Pauljensenia.hongkongensis	0	0	0	0	0	0	0	0	0	0	0	0	0	0	0	1	0	0	0	0	0	0	0	3	0	0	0	0	0	0	0	0	0	0	3	3	0	3	1	0	3	3	0	0	0	0	0	0	0	0	0	3	0	3	1	0	0	0	0	0	0	1	2	0	0	3	0
Peptacetobacter.hiranonis	0	0	0	0	0	0	0	0	3	0	0	0	0	0	0	0	1	0	0	0	0	0	0	3	0	0	0	0	2	0	0	0	0	0	0	0	1	3	3	0	0	3	0	0	0	1	0	0	2	0	0	2	0	1	1	0	0	0	0	0	0	0	2	1	1	0	0
Porphyromonas.asaccharolytica	3	0	0	0	0	3	0	0	1	0	0	3	0	0	0	0	0	0	0	0	0	0	0	3	0	0	3	0	0	0	0	0	0	0	0	0	0	0	3	0	3	0	0	3	0	0	0	3	0	0	0	3	0	0	1	0	2	0	0	0	0	0	3	0	0	0	3
Porphyromonas.cangingivalis	3	0	0	0	2	3	0	0	2	0	0	0	0	0	2	0	0	0	0	0	0	0	2	3	0	0	0	0	0	0	0	2	0	0	0	0	0	0	3	0	3	0	0	3	0	0	0	3	0	0	1	3	0	0	1	0	1	0	0	0	0	0	3	0	0	0	3
Porphyromonas.crevioricanis	3	0	0	0	0	3	0	0	1	0	0	1	0	0	0	0	0	0	0	0	0	0	0	3	1	0	3	0	0	0	0	1	0	0	0	0	0	0	3	0	3	0	0	3	0	0	0	3	0	0	0	3	0	0	1	0	2	0	0	0	0	0	3	0	0	0	3
Porphyromonas.gingivalis	3	0	0	0	0	3	0	0	3	0	0	0	0	0	0	0	0	0	0	0	0	0	0	3	0	0	0	0	0	0	0	1	0	0	0	1	0	0	3	0	3	3	0	3	0	0	0	3	0	0	0	3	0	0	1	0	1	0	0	0	0	0	3	0	0	0	3
Porphyromonas.sp..oral.taxon.275	1	0	0	0	0	3	0	0	3	0	0	0	0	0	0	0	0	0	0	0	0	0	3	3	0	0	1	0	0	0	0	1	0	0	0	3	3	0	3	0	3	3	0	3	0	0	0	1	1	0	0	3	0	3	1	0	2	0	1	0	1	0	3	3	0	0	3
Prevotella.dentalis	0	0	1	0	0	1	0	0	3	0	0	0	0	0	0	0	0	0	0	0	0	0	1	1	2	1	0	1	1	0	0	1	0	0	0	3	3	0	3	0	3	0	0	1	0	0	0	0	0	0	0	3	0	3	0	0	0	1	1	0	2	3	3	3	0	0	0
Prevotella.denticola	0	0	3	0	0	3	0	0	2	0	0	0	0	0	0	0	0	0	0	0	1	0	3	3	0	1	0	0	1	0	0	1	0	0	0	3	3	0	3	0	3	3	0	3	0	0	0	0	0	0	1	3	0	3	1	0	2	0	3	0	3	0	3	3	0	0	0
Prevotella.enoeca	2	0	3	0	0	3	0	0	3	0	0	2	0	0	0	0	0	0	0	0	0	0	3	3	0	1	0	0	1	0	0	1	0	0	0	3	3	0	3	0	3	3	0	3	0	0	0	0	0	0	1	3	0	3	0	0	2	1	3	0	3	1	3	0	0	0	1
Prevotella.fusca	1	0	1	0	0	3	0	0	3	0	0	0	0	0	0	0	0	0	0	0	0	0	3	3	1	0	0	0	0	0	0	1	0	0	0	3	3	1	3	0	3	3	0	1	0	0	0	0	0	0	1	3	0	1	1	0	2	0	3	0	3	0	3	3	0	0	1
Prevotella.histicola	0	0	3	0	0	3	0	0	0	0	0	0	0	0	0	0	3	0	0	0	1	0	3	3	0	1	0	0	0	0	0	1	0	0	0	3	3	0	3	0	3	3	0	3	0	0	0	0	0	0	1	3	0	3	1	0	0	0	3	0	2	0	3	3	0	0	0
Prevotella.intermedia	0	0	1	0	0	3	0	0	3	0	0	0	0	0	3	0	0	0	0	0	0	0	3	3	1	0	0	0	0	0	0	1	0	0	0	0	3	1	3	0	3	3	0	1	0	0	0	0	2	0	1	3	0	0	1	0	2	0	3	0	0	0	3	3	0	0	3
Prevotella.jejuni	1	0	3	0	0	3	0	0	3	0	0	0	0	0	0	0	0	0	0	0	0	0	3	3	1	1	1	0	0	0	0	1	0	0	0	3	3	1	3	0	3	3	0	1	0	0	0	0	1	0	1	3	0	3	3	0	2	0	3	0	3	0	3	3	0	1	3
Prevotella.melaninogenica	1	0	1	0	0	3	0	0	1	0	0	0	0	0	0	0	0	0	0	0	0	0	3	3	1	0	1	0	0	0	0	1	0	0	0	3	3	1	3	0	3	3	0	1	0	0	0	0	1	0	1	3	0	1	1	0	2	0	3	0	3	0	3	3	0	0	1
Prevotella.multiformis	1	0	1	0	0	3	0	0	3	0	0	0	0	0	0	0	0	0	0	0	0	0	3	3	0	0	0	0	0	0	0	1	0	0	0	0	3	1	3	0	3	3	0	1	0	0	0	0	0	0	0	3	0	1	1	0	2	0	3	1	2	0	3	3	0	1	1
Prevotella.nigrescens	0	0	1	0	0	3	0	0	3	0	0	0	0	0	0	0	0	0	0	0	0	0	3	3	1	0	1	0	0	0	0	1	0	0	0	0	3	1	3	0	3	3	0	1	0	0	0	0	0	0	0	3	0	0	1	0	2	0	1	0	0	0	3	3	0	0	1
Prevotella.oris	2	3	3	0	0	3	0	0	3	0	0	0	0	0	0	0	0	0	0	0	0	0	3	3	0	1	0	1	1	0	0	1	0	0	0	3	3	0	3	0	3	3	0	3	0	0	3	2	0	0	0	3	0	3	1	2	2	3	3	0	1	2	3	3	0	0	3
Prevotella.scopos	1	0	1	0	0	3	0	0	1	0	0	0	0	0	0	0	0	0	0	0	0	0	3	3	1	1	0	0	0	0	0	1	0	0	0	3	3	1	3	0	3	3	0	1	0	0	0	0	0	0	1	3	0	3	1	0	2	0	3	0	3	0	3	3	0	0	1
Prevotella.sp..oral.taxon.299	1	0	1	0	0	0	0	0	1	0	0	0	0	0	0	0	0	0	0	0	0	0	1	1	0	0	0	0	1	0	0	0	0	0	0	1	0	1	1	0	1	3	0	1	0	1	0	0	1	1	0	3	0	0	0	0	0	0	0	0	3	0	1	0	0	3	0
Prevotella.sp..oral.taxon.475	0	0	3	0	0	3	0	0	3	0	0	0	0	0	0	0	0	0	0	0	0	0	3	3	0	0	3	0	1	0	0	1	0	0	0	3	3	0	3	0	3	3	0	3	0	0	0	0	0	0	0	3	0	3	1	0	0	1	3	0	3	0	3	3	0	0	3
Prevotella.veroralis	0	0	1	0	0	3	0	0	3	0	0	0	0	0	0	0	0	0	0	0	0	0	3	3	0	0	0	0	0	0	0	1	0	0	0	3	3	0	3	0	3	3	0	3	0	0	0	0	1	0	0	3	0	3	1	0	0	0	3	0	3	0	3	3	0	0	3
Propionibacterium.acidifaciens	0	0	0	0	0	0	0	0	1	0	3	0	2	0	0	3	2	0	0	0	0	0	0	3	0	0	0	1	1	0	0	0	0	0	3	0	3	3	3	2	3	3	0	0	0	0	0	0	2	0	1	0	0	0	0	2	0	0	0	2	0	3	3	1	1	1	0
Pseudoleptotrichia.goodfellowii	0	0	0	0	0	0	0	0	2	0	0	3	0	0	0	0	3	0	0	0	0	0	3	3	3	0	0	0	0	0	0	0	0	0	0	3	3	0	0	0	0	3	0	3	0	2	0	0	2	0	0	3	0	0	1	0	0	2	0	2	1	0	3	3	0	0	3
Rothia.aeria	0	0	0	0	3	0	0	0	0	0	3	0	2	0	0	0	3	0	0	0	0	0	3	3	0	0	0	0	0	0	1	0	0	0	3	0	0	3	0	0	3	3	0	0	0	3	0	0	0	0	0	0	0	0	1	0	0	0	0	2	3	0	3	3	0	3	0
Rothia.dentocariosa	0	0	0	0	3	0	0	0	0	0	3	0	2	0	0	0	3	0	0	0	0	0	3	3	0	0	0	0	0	0	0	0	0	0	3	0	1	3	0	0	3	3	0	0	0	3	0	0	0	0	1	0	0	0	1	0	0	0	0	2	3	0	3	3	0	3	0
Rothia.kristinae	0	0	0	0	3	0	0	1	0	0	3	0	2	3	0	0	3	3	0	0	0	0	3	3	0	0	0	0	1	0	2	0	0	0	0	0	3	3	0	3	3	3	0	0	0	0	0	0	0	0	0	3	0	0	1	0	0	0	0	2	0	0	1	3	0	3	0
Rothia.mucilaginosa	0	0	0	0	0	0	0	0	0	0	3	0	2	0	0	0	3	0	0	0	0	0	3	3	0	0	0	0	0	0	0	0	0	0	3	0	3	3	0	0	3	3	0	0	0	3	0	0	0	0	0	0	0	0	1	0	0	0	0	3	3	0	3	3	0	3	0
Rothia.nasimurium	0	0	0	0	3	0	0	0	0	0	3	2	3	2	0	1	1	0	0	0	0	0	3	3	0	0	0	0	0	0	2	1	0	0	3	0	3	3	0	0	3	3	0	0	0	0	0	0	0	0	0	3	0	2	1	0	0	0	0	3	3	0	3	3	0	3	0
Schaalia.cardiffensis	0	0	0	0	0	0	0	0	1	0	0	0	0	0	0	0	0	0	0	0	0	0	1	3	0	0	0	0	0	0	0	0	2	0	3	0	0	3	1	0	3	1	0	0	0	0	0	0	0	0	0	2	0	0	1	0	0	0	0	1	0	0	2	3	0	3	3
Schaalia.meyeri	0	0	0	0	0	0	0	0	0	0	0	0	3	0	0	1	3	0	0	0	0	0	3	3	0	0	0	0	3	0	0	0	0	0	0	3	0	3	0	0	3	3	0	0	0	0	0	0	0	0	1	3	0	3	1	0	0	0	0	1	0	0	2	3	0	3	0
Schaalia.odontolytica	0	0	0	0	0	0	0	0	0	0	0	0	2	0	0	0	2	0	0	0	0	0	3	3	0	0	0	1	3	0	0	0	0	0	3	3	0	3	0	0	3	3	0	0	0	0	3	0	0	0	1	3	0	3	1	0	0	0	0	0	1	0	3	3	0	3	0
Schaalia.sp..ZJ405	0	0	0	0	0	0	0	0	1	0	0	0	2	0	0	3	0	0	0	0	0	0	2	3	0	0	0	1	3	0	0	0	0	0	0	3	0	3	0	0	3	2	0	0	2	0	3	0	0	0	1	0	0	1	1	2	0	1	0	0	0	3	3	0	0	3	0
Selenomonas.sp..oral.taxon.126	0	0	0	0	0	0	0	0	3	0	0	0	0	0	0	3	0	0	0	3	0	0	3	3	3	0	0	0	0	0	0	0	0	0	3	2	3	0	3	0	1	3	0	3	0	0	0	0	0	0	0	3	0	3	1	0	0	0	0	0	0	0	3	3	1	0	0
Selenomonas.sp..oral.taxon.136	0	0	0	0	0	0	0	0	3	0	0	3	0	0	0	3	1	0	0	3	0	0	3	3	3	0	0	0	0	0	0	0	0	0	3	2	3	0	3	0	3	3	0	3	0	0	0	0	0	0	0	0	0	3	1	0	0	0	0	0	0	0	3	3	0	0	0
Selenomonas.sp..oral.taxon.478	0	0	0	0	0	0	0	0	1	0	0	0	0	0	0	3	0	0	0	3	0	0	3	3	3	0	0	0	0	0	0	0	0	0	3	3	1	0	3	0	3	3	0	3	0	0	0	0	0	0	1	0	0	1	1	0	0	0	0	0	0	1	3	3	1	0	0
Selenomonas.sp..oral.taxon.920	0	0	0	0	0	0	0	0	3	0	0	0	0	0	0	3	1	0	0	3	2	0	3	3	3	0	0	0	0	0	0	0	0	0	3	3	3	0	3	0	3	3	0	3	0	0	0	0	2	0	0	1	1	3	1	0	0	0	0	0	0	0	3	3	1	0	0
Selenomonas.sputigena	0	0	0	0	0	0	0	0	2	3	0	0	0	0	0	2	0	0	0	3	0	0	3	3	3	0	0	0	0	0	0	0	0	0	3	2	0	0	3	0	3	3	0	3	0	0	0	0	2	0	0	3	0	3	1	0	0	0	0	0	0	0	3	3	0	0	0
Simonsiella.muelleri	0	0	0	0	3	0	0	0	0	0	0	0	0	1	0	0	0	3	0	0	1	1	3	3	0	0	0	0	0	0	0	0	0	0	3	0	0	0	0	0	2	0	0	3	0	0	0	0	3	3	1	1	0	0	1	0	0	0	0	0	0	0	3	0	0	0	0
Siphoviridae.sp.	0	0	0	0	0	0	0	0	1	0	0	0	0	0	0	0	0	0	0	0	0	0	0	1	0	0	0	0	0	0	0	0	0	0	0	0	0	0	0	0	0	0	0	0	0	0	0	0	0	0	0	0	3	0	0	0	0	0	1	0	0	0	0	0	2	0	0
Slackia.heliotrinireducens	0	0	0	0	0	0	0	0	3	0	0	0	0	3	0	0	0	0	0	0	0	0	0	3	0	0	0	0	0	0	0	0	0	0	0	0	0	3	3	0	0	0	0	0	0	0	0	0	0	0	0	0	0	0	3	0	3	0	0	0	0	0	0	0	0	0	3
Staphylococcus.aureus	0	0	1	0	3	0	0	3	3	3	3	3	3	3	0	3	3	0	0	0	0	0	3	3	2	0	3	0	0	0	1	3	0	0	3	0	3	3	0	3	0	3	0	0	0	0	0	2	0	0	0	3	1	3	1	0	0	0	0	3	0	0	0	3	0	3	3
Streptococcus.agalactiae	0	0	3	0	0	0	0	0	3	0	3	0	2	3	0	0	3	0	0	0	0	3	3	3	0	0	1	2	1	0	0	0	0	0	0	0	3	3	0	0	0	3	0	0	0	3	0	0	0	0	0	3	0	3	1	0	0	0	0	3	0	0	0	3	0	3	3
Streptococcus.anginosus	0	0	3	0	0	0	0	0	3	0	3	0	2	3	0	0	3	0	0	0	0	3	3	3	0	0	1	0	0	0	0	0	0	0	0	2	3	3	0	0	0	3	0	0	0	3	0	0	0	0	0	3	0	3	1	0	0	3	0	3	3	0	0	3	0	3	3
Streptococcus.australis	0	0	3	0	0	0	0	0	0	0	3	0	2	3	0	0	3	0	0	0	0	3	3	3	0	0	1	0	1	0	0	0	0	0	0	2	3	3	0	0	0	3	0	0	0	3	0	0	0	0	0	3	0	3	1	0	0	1	3	3	3	0	0	3	0	3	3
Streptococcus.constellatus	0	0	1	0	0	0	0	0	3	0	3	0	2	3	0	0	3	0	0	0	0	3	3	3	0	0	1	0	0	0	0	2	0	0	0	2	3	3	0	0	0	3	0	0	0	3	0	0	0	0	0	1	0	3	1	0	0	3	0	3	1	0	0	3	0	3	3
Streptococcus.cristatus	0	0	1	0	0	0	0	0	3	0	3	0	2	3	0	0	3	0	0	0	0	3	3	3	0	0	1	0	1	0	0	0	0	0	0	2	3	3	0	0	0	3	0	0	0	3	0	0	0	0	0	3	0	3	1	0	1	3	3	3	3	0	0	3	0	3	3
Streptococcus.dysgalactiae	0	0	3	0	0	0	0	0	3	0	0	0	2	3	0	0	3	0	0	0	0	3	3	3	0	0	1	0	1	0	0	0	0	0	0	0	3	3	0	0	0	3	0	0	0	3	0	0	0	0	0	3	0	3	1	0	0	1	0	3	0	0	0	3	0	3	3
Streptococcus.equi	0	0	3	0	0	0	0	0	3	0	0	0	2	3	0	0	1	0	0	0	0	3	3	3	0	0	1	0	1	0	0	1	0	0	0	0	3	3	0	0	0	3	0	0	0	3	0	0	0	0	0	3	0	3	1	0	0	1	0	3	0	0	0	3	1	3	3
Streptococcus.equinus	0	0	1	0	0	0	0	3	3	0	3	0	2	3	0	0	3	0	0	0	0	3	3	3	0	0	0	0	1	0	0	0	0	0	0	0	3	3	0	0	0	3	0	0	0	3	0	0	0	0	0	2	0	3	3	0	2	0	3	3	1	0	0	3	0	3	0
Streptococcus.gordonii	0	0	3	0	0	0	0	0	3	0	3	0	2	3	0	0	3	0	0	0	0	3	3	3	0	0	1	0	1	0	0	2	0	0	0	3	3	3	0	0	0	3	0	0	0	3	0	0	0	0	1	3	0	3	1	0	0	3	1	3	3	0	0	3	0	3	3
Streptococcus.gwangjuense	0	0	3	0	0	0	0	0	3	0	3	0	0	3	0	0	3	0	0	0	0	3	3	3	0	0	0	0	1	0	0	0	0	0	0	2	3	3	0	0	0	3	0	0	0	3	0	0	0	0	0	0	0	3	3	0	0	1	3	3	3	0	0	3	0	3	0
Streptococcus.intermedius	0	0	3	0	0	0	0	0	3	0	3	0	2	3	0	0	3	0	0	0	0	3	3	3	0	0	1	0	1	0	0	0	0	0	0	3	3	3	0	0	0	3	0	0	0	3	0	0	0	0	0	3	0	3	1	0	0	3	0	3	3	0	0	3	0	3	3
Streptococcus.koreensis	0	0	3	0	0	0	0	0	2	0	3	0	2	3	0	0	3	0	0	0	0	3	3	3	0	0	1	0	1	0	0	0	0	0	0	3	3	3	0	0	0	3	0	0	0	3	0	0	0	0	0	3	0	3	1	0	0	1	3	3	3	0	0	3	0	3	3
Streptococcus.lactarius	0	0	3	0	0	0	0	0	3	0	3	0	2	3	0	0	3	0	0	0	0	3	3	3	0	0	1	0	1	0	0	2	0	0	0	2	3	3	0	0	0	3	0	0	0	3	0	0	0	0	0	3	0	3	3	0	0	1	0	3	0	0	0	3	0	3	3
Streptococcus.milleri	0	0	1	0	0	0	0	0	3	0	3	0	2	3	0	0	3	0	0	0	0	3	3	3	0	0	1	0	1	0	0	0	0	0	0	0	3	3	0	0	0	3	0	0	0	3	0	0	0	0	0	3	0	1	1	0	2	3	1	3	3	0	0	3	0	3	3
Streptococcus.mitis	0	0	1	0	0	0	0	0	3	0	3	0	0	3	0	0	3	0	0	0	0	3	3	3	0	0	0	1	1	0	0	2	0	0	0	3	3	3	0	0	0	3	0	0	0	1	0	0	0	0	0	0	0	3	1	0	0	3	3	3	3	0	0	3	0	3	0
Streptococcus.mutans	0	0	3	0	0	0	0	0	3	0	3	0	2	3	0	1	1	0	0	0	0	3	3	3	0	0	1	0	1	0	0	0	0	0	0	0	3	3	0	0	0	3	0	0	0	3	0	0	0	0	0	2	0	3	1	0	2	3	3	3	3	0	0	3	1	3	0
Streptococcus.oralis	0	0	1	0	0	0	0	0	3	0	3	0	0	3	0	0	3	0	0	0	0	3	3	3	0	0	0	0	1	0	0	0	0	0	0	2	3	3	0	0	0	3	0	0	0	3	0	0	0	0	0	3	0	3	1	0	0	1	3	3	3	0	0	3	1	3	0
Streptococcus.parasanguinis	0	0	3	0	0	0	0	0	3	0	3	0	2	3	0	0	3	0	0	0	0	3	3	3	0	0	1	1	1	0	0	0	0	0	0	2	3	3	0	0	0	3	0	0	0	3	0	0	0	0	0	3	0	3	1	0	0	1	3	3	3	2	0	3	0	3	3
Streptococcus.periodonticum	0	0	1	0	0	0	0	0	3	0	3	0	2	3	0	0	3	0	0	0	0	3	3	3	0	0	1	0	0	0	0	0	0	0	0	0	3	3	0	0	0	3	0	0	0	3	0	0	0	0	0	3	0	3	1	0	0	3	1	3	3	0	0	3	0	3	3
Streptococcus.pluranimalium	0	0	1	0	0	0	0	0	3	0	0	0	0	3	0	3	3	0	0	0	0	3	3	3	0	0	1	0	1	0	0	0	0	0	0	0	3	3	0	0	0	3	0	0	0	3	0	0	0	0	0	2	0	3	3	0	0	3	3	3	0	0	0	3	3	3	3
Streptococcus.pneumoniae	0	0	1	0	0	0	0	0	3	0	3	1	0	3	0	0	1	0	0	0	0	3	3	3	0	0	0	0	1	0	0	0	0	0	0	2	3	3	0	0	0	3	0	0	0	1	0	0	0	0	0	0	0	3	1	0	0	3	3	3	3	0	0	3	0	3	1
Streptococcus.porcinus	0	0	3	0	0	0	0	0	3	0	3	0	2	3	0	3	3	0	0	0	0	3	3	3	0	0	1	0	1	0	0	0	0	0	0	0	3	3	0	0	0	3	0	0	0	2	0	0	0	0	0	3	0	3	1	0	0	1	1	3	0	0	0	3	1	3	3
Streptococcus.pseudopneumoniae	0	0	1	0	0	0	0	0	3	0	3	0	0	3	0	0	3	0	0	0	0	3	3	3	0	0	0	0	1	0	0	2	0	0	0	2	3	3	0	0	0	3	0	0	0	0	0	0	0	0	0	0	0	3	1	0	0	3	3	3	1	0	0	3	0	3	0
Streptococcus.pseudoporcinus	0	0	3	0	0	0	0	0	3	0	3	0	2	3	0	1	3	0	0	0	0	3	3	3	0	0	1	0	1	0	0	0	0	0	0	0	3	3	0	0	0	3	0	0	0	2	0	0	0	0	0	3	0	3	1	0	0	3	1	3	3	0	0	3	1	3	3
Streptococcus.pyogenes	0	0	3	0	0	0	0	0	3	0	0	3	2	3	0	0	3	0	0	0	0	3	3	3	0	0	1	0	1	0	0	2	0	0	0	0	3	3	0	0	0	3	0	0	0	3	0	0	0	0	0	3	3	3	1	0	0	0	0	3	0	0	0	3	0	3	3
Streptococcus.salivarius	0	0	1	0	0	0	0	3	3	0	3	0	2	3	0	0	3	0	0	0	0	3	3	3	0	0	0	0	1	0	0	0	0	0	0	3	3	3	0	0	0	3	0	0	0	3	0	0	0	0	0	3	0	3	3	0	2	0	3	3	3	0	0	3	0	3	0
Streptococcus.sanguinis	0	0	1	0	0	0	0	0	3	0	3	0	2	3	0	0	3	0	0	0	0	3	3	3	0	0	1	0	1	0	0	0	0	0	0	2	3	3	0	0	0	3	0	0	0	3	0	0	0	0	0	3	0	3	1	0	0	1	3	3	3	0	0	3	0	3	3
Streptococcus.sobrinus	0	0	3	0	0	0	0	0	3	0	3	0	2	3	0	1	3	0	0	0	0	3	3	3	0	0	1	0	1	0	0	0	0	0	0	0	3	3	0	0	0	3	0	0	0	3	0	0	0	0	1	2	0	3	3	0	2	3	3	3	3	0	0	3	1	3	0
Streptococcus.sp..116.D4	0	0	1	0	0	0	0	0	3	0	3	0	0	3	0	0	3	0	0	0	0	3	3	3	0	0	1	1	1	0	0	2	0	0	0	3	3	3	0	0	0	3	0	0	0	3	0	0	0	0	0	0	0	3	1	0	0	1	3	3	3	0	0	3	0	3	1
Streptococcus.sp..1643	0	0	1	0	0	0	0	0	3	0	3	0	0	3	0	0	3	0	0	0	0	3	3	3	0	0	1	0	1	0	0	0	0	0	0	2	3	3	0	0	0	3	0	0	0	3	0	0	0	0	0	2	0	3	3	0	0	1	3	3	3	0	0	3	0	3	0
Streptococcus.sp..A12	0	0	3	0	0	0	0	0	2	0	3	0	2	3	0	0	3	0	0	0	0	3	3	3	0	0	1	0	1	0	0	0	0	0	0	3	3	3	0	0	0	3	0	0	0	3	0	0	0	0	0	2	0	3	3	0	0	3	3	3	3	0	0	3	0	3	3
Streptococcus.sp..FDAARGOS_192	0	0	1	0	0	0	0	3	3	0	3	0	2	3	0	0	3	0	0	0	0	3	3	3	0	0	0	0	1	0	0	0	0	0	0	3	2	3	0	0	0	3	0	0	0	3	0	0	0	0	0	3	0	3	1	0	2	0	3	3	3	0	0	3	0	3	0
Streptococcus.sp..I.G2	0	0	3	0	0	0	0	0	0	0	3	0	2	3	0	1	3	0	0	0	0	3	3	3	0	0	1	0	1	0	0	0	0	0	0	2	3	3	0	0	0	3	0	0	0	3	0	0	0	0	0	3	0	3	1	0	0	1	3	3	3	0	0	3	1	3	3
Streptococcus.sp..I.P16	0	0	3	0	0	0	0	0	1	0	3	0	2	3	0	1	3	0	0	0	0	3	3	3	0	0	1	0	1	0	0	0	0	0	0	3	3	3	0	0	0	3	0	0	0	3	0	0	0	0	0	3	0	3	1	0	0	1	3	3	3	0	0	3	1	3	3
Streptococcus.sp..LPB0220	0	0	3	0	0	0	0	0	3	0	3	0	2	3	0	0	3	0	0	0	0	3	3	3	0	0	1	0	1	0	0	0	0	0	0	2	3	3	0	0	0	3	0	0	0	3	0	0	0	0	0	3	0	3	1	0	0	1	3	3	3	0	0	3	0	3	3
Streptococcus.sp..NPS.308	0	0	3	0	0	0	0	0	3	0	3	0	0	3	0	0	3	0	0	0	0	3	3	3	0	0	1	0	1	0	0	0	0	0	0	2	3	3	0	0	0	3	0	0	0	0	0	0	0	0	0	2	0	3	1	0	0	3	3	3	3	0	0	3	0	3	1
Streptococcus.sp..oral.taxon.061	0	0	0	0	0	0	0	0	3	0	3	1	0	3	0	0	3	0	0	0	0	3	3	3	0	0	0	0	1	0	0	0	0	0	0	3	3	3	0	0	0	3	0	0	0	1	0	0	0	0	0	0	0	3	1	0	0	1	3	3	3	0	0	3	0	3	0
Streptococcus.sp..oral.taxon.064	0	0	3	0	0	0	0	0	3	0	3	0	0	3	0	0	3	0	0	0	0	3	3	3	0	0	1	0	1	0	0	0	0	0	0	2	3	3	0	0	0	3	0	0	0	3	0	0	0	0	0	3	0	3	3	0	0	1	3	3	3	0	0	3	0	3	0
Streptococcus.sp..oral.taxon.431	0	0	0	0	0	0	0	0	3	0	3	3	0	3	0	0	3	0	0	0	0	3	3	3	0	0	1	0	1	0	0	0	0	0	0	2	3	3	0	0	0	3	0	0	0	1	0	0	0	0	0	3	0	3	3	0	0	1	1	3	3	0	0	3	1	3	1
Streptococcus.sp..VT.162	0	0	3	0	0	0	0	0	3	0	3	0	0	3	0	0	3	0	0	0	0	3	3	3	0	0	1	0	1	0	0	0	0	0	0	2	3	3	0	0	0	3	0	0	0	3	0	0	0	0	0	3	0	3	3	0	0	1	3	3	3	0	0	3	1	3	0
Streptococcus.sp..ZB199	0	0	3	0	0	0	0	0	2	0	3	0	2	3	0	0	3	0	0	0	0	3	3	3	0	0	1	1	1	0	0	0	0	0	0	2	3	3	0	0	0	3	0	0	0	3	0	0	0	0	0	3	0	3	1	0	0	1	1	3	3	0	0	3	0	3	3
Streptococcus.suis	0	0	3	0	0	0	0	0	3	0	3	0	0	3	0	0	3	0	0	0	0	3	3	3	0	0	0	0	1	0	0	0	0	0	0	2	3	3	0	0	0	3	0	0	0	3	0	0	0	0	0	2	0	3	1	0	2	3	3	3	3	0	0	3	0	3	3
Streptococcus.thermophilus	0	0	0	0	0	0	0	3	3	0	3	0	2	3	0	0	3	0	0	0	0	3	3	3	0	0	0	0	1	0	0	0	0	0	0	3	3	3	0	0	0	3	0	0	0	3	0	0	0	0	0	3	0	3	1	0	2	0	3	3	0	0	0	3	0	3	0
Streptococcus.vestibularis	0	0	1	0	0	0	0	3	2	0	3	0	2	3	0	0	3	0	0	0	0	3	3	3	0	0	0	0	1	0	0	0	0	0	0	3	3	3	0	0	0	3	0	0	0	3	0	0	0	0	0	0	0	3	3	0	0	0	3	3	3	0	0	3	0	3	0
Tannerella.forsythia	3	0	1	0	0	3	0	0	3	0	0	2	0	0	0	0	0	0	0	0	0	0	2	3	0	0	2	0	0	0	0	0	0	0	0	3	2	0	3	0	3	3	0	3	0	0	0	3	0	0	0	3	0	3	1	0	3	0	0	0	3	3	3	2	0	0	0
Tannerella.sp..oral.taxon.HOT.286	3	0	0	0	0	3	0	0	1	0	0	0	0	0	0	0	0	0	0	0	0	0	1	3	3	0	0	0	0	0	0	0	0	0	0	3	1	0	3	0	3	3	0	3	0	0	0	3	1	0	0	3	0	1	1	0	0	0	3	0	0	0	3	3	0	0	0
TM7.phylum.sp..oral.taxon.349	0	0	0	0	0	1	0	0	1	0	0	0	0	0	0	0	0	1	0	0	0	0	0	1	0	0	1	0	0	0	0	0	0	0	0	0	0	3	0	0	1	0	0	0	0	0	0	0	1	0	0	0	0	0	0	0	0	0	0	0	1	0	0	0	0	3	3
TM7.phylum.sp..oral.taxon.952	0	0	0	0	0	1	0	0	1	0	0	0	2	0	0	0	0	1	0	0	0	0	0	1	0	0	1	0	0	0	0	1	0	0	0	0	0	3	0	0	1	0	0	0	0	0	0	0	1	0	0	0	0	0	0	0	0	0	0	0	1	0	0	0	0	3	3
Treponema.denticola	0	0	3	0	0	3	0	0	3	0	0	3	0	0	0	0	0	0	0	3	0	0	0	0	0	0	0	0	0	0	0	0	0	0	0	2	0	0	3	0	3	0	0	3	0	0	0	0	0	0	0	2	0	0	0	0	3	0	0	0	3	0	0	0	0	0	3
Treponema.medium	0	0	3	0	0	3	0	0	2	0	0	0	0	0	0	0	0	0	0	3	0	0	0	0	0	0	0	0	0	0	0	0	0	0	0	2	0	0	3	0	3	0	0	3	0	0	0	0	0	0	0	2	0	0	0	0	0	0	0	0	0	0	0	0	0	0	3
Treponema.parvum	0	0	0	0	0	1	0	0	3	0	0	0	0	0	0	1	0	0	0	3	0	0	1	0	0	0	0	0	0	0	0	0	0	0	0	3	0	0	3	0	3	0	0	3	0	0	0	0	1	0	0	2	0	3	0	0	0	0	0	0	0	0	2	0	0	0	0
Treponema.pedis	2	0	3	0	0	3	0	0	3	0	0	3	0	0	0	0	0	0	0	3	0	0	0	0	0	0	1	0	0	0	0	2	0	0	0	0	0	0	3	0	3	0	0	3	0	0	0	0	1	0	0	2	0	0	0	0	1	0	0	0	0	0	2	0	0	0	3
Treponema.phagedenis	0	0	3	0	0	3	0	0	3	0	0	2	0	0	0	1	0	0	0	3	0	0	2	1	0	0	0	0	0	0	0	2	0	0	0	2	3	0	3	0	3	3	0	3	0	0	0	2	0	0	0	3	0	0	1	0	0	1	0	0	0	0	0	0	0	0	3
Treponema.putidum	0	0	3	0	0	3	0	0	3	0	0	2	0	0	0	0	0	0	0	3	0	0	0	0	0	0	1	0	0	0	0	0	0	0	0	2	0	0	3	0	3	0	0	3	0	0	0	0	0	0	0	2	0	0	0	0	3	1	0	0	3	0	0	0	0	0	3
Treponema.sp..OMZ.804	0	0	3	0	0	3	0	0	3	0	0	3	0	0	0	0	0	0	0	3	0	0	0	1	0	0	1	0	0	0	0	0	0	0	0	3	0	0	3	0	3	2	0	3	0	0	0	0	0	0	0	2	0	2	0	0	0	0	0	0	0	0	0	0	0	0	3
Treponema.sp..OMZ.806	0	0	1	0	0	1	0	0	3	0	0	3	0	0	0	0	0	0	0	3	0	0	0	0	0	0	1	0	0	0	0	0	0	0	0	2	0	0	3	0	3	2	0	3	0	0	0	0	0	0	0	2	0	1	1	0	0	0	0	0	0	0	0	0	0	0	3
Treponema.sp..OMZ.838	0	0	3	0	0	1	0	0	3	0	0	3	0	0	0	0	0	0	0	3	0	0	0	0	0	0	1	0	0	0	0	0	0	0	0	2	0	0	3	0	3	0	0	3	0	0	0	0	0	0	0	2	0	2	0	0	0	0	0	0	0	0	0	0	0	0	3
Treponema.succinifaciens	0	0	0	0	0	1	0	0	3	0	0	0	0	0	0	0	0	0	0	3	0	0	3	3	2	1	0	0	0	0	0	0	0	0	0	3	1	0	3	0	3	3	0	3	0	0	0	0	0	0	0	0	0	3	0	0	0	3	1	0	0	0	2	3	0	0	0
Veillonella.atypica	0	0	0	0	0	0	0	0	0	1	0	3	0	3	0	0	0	0	0	0	0	3	0	3	3	0	0	0	0	0	0	0	0	0	3	0	0	0	3	0	3	0	0	3	0	0	0	0	3	0	0	0	0	0	3	0	0	0	0	0	0	0	0	0	0	0	0
Veillonella.dispar	0	0	0	0	0	0	0	0	1	0	0	3	0	3	0	0	0	0	0	0	0	3	0	3	3	0	0	0	0	0	0	1	0	0	3	0	0	0	3	0	3	0	0	3	0	0	0	0	3	0	0	1	0	0	3	0	0	0	0	0	0	0	0	0	0	0	0
Veillonella.nakazawae	0	0	0	0	0	0	0	0	0	0	0	3	0	3	0	0	0	0	0	0	0	3	0	3	3	0	0	0	0	0	0	1	0	0	3	0	0	0	3	0	3	0	0	3	0	0	0	0	3	0	0	1	0	0	3	0	0	0	0	0	0	0	0	0	0	0	0
Veillonella.parvula	0	0	0	0	0	0	0	0	2	1	0	3	0	3	0	0	0	0	0	0	0	3	0	3	3	0	1	0	0	0	0	0	0	0	3	0	0	0	3	0	3	0	0	3	0	0	0	0	3	0	0	1	0	0	3	0	0	0	0	0	0	0	0	0	0	0	0
Veillonella.rodentium	0	0	0	0	0	0	0	0	2	1	0	1	0	3	0	0	0	0	0	0	0	3	0	3	3	0	0	0	3	0	0	0	0	0	3	0	0	0	3	0	3	0	0	3	0	0	0	0	3	0	1	0	0	0	1	0	0	0	0	0	0	0	0	0	0	0	0
X.Eubacterium..minutum	1	0	1	0	0	0	0	0	3	0	0	0	0	0	0	0	0	0	0	0	0	0	0	3	0	0	1	0	0	0	0	1	0	0	0	0	0	3	3	0	3	0	0	0	0	0	0	0	0	0	0	0	0	0	1	0	3	0	2	0	0	0	3	0	0	0	3
X.Eubacterium..sulci	1	0	0	0	0	0	0	0	3	0	0	1	0	0	0	0	0	0	0	0	0	0	0	3	1	0	1	0	0	0	0	0	0	0	0	0	0	3	3	0	2	0	0	0	0	0	0	0	0	0	0	0	0	0	1	0	0	0	0	0	0	0	2	0	0	0	3
X.Haemophilus..ducreyi	1	0	0	0	0	0	0	0	3	0	0	0	0	0	0	0	0	0	0	0	0	0	3	2	1	0	0	0	0	0	0	2	0	0	3	0	0	0	0	0	0	2	0	3	1	0	0	0	3	3	0	3	0	0	0	0	0	0	0	3	0	0	3	0	0	0	0
